c:\Users\kajita\Desktop\netpro2024>
c:\Users\kajita\Desktop\netpro2024> c: && cd c:\Users\kajita\Desktop\netpro2024 && cmd /C "C:\Users\kajita\AppData\Roaming\Code\User\globalStorage\pleiades.java-extension-pack-jdk\java\21\bin\java.exe @C:\Users\kajita\AppData\Local\Temp\cp_cqt9k461pi1cxte80pb72k54l.argfile kadai06.ExThreadsMain "
1
4
9
16
25
36
49
64
81
100
121
144
169
196
225
256
289
324
361
400
441
484
529
576
625
676
main:i=0
main:i=1
400
361
289
484
441
324
225
196
121
49
256
100
36
9
4
169
529
676
144
81
64
16
1
25
625
576
main:i=2
main:i=3
49
441
289
121
100
196
225
400
484
361
324
256
25
81
64
625
576
1
16
144
169
676
529
4
9
36
main:i=4
main:i=5
49
289
441
225
361
400
256
324
196
484
100
121
169
529
144
1
16
676
25
64
625
81
576
4
9
36
main:i=6
main:i=7
49
441
121
256
289
400
484
100
196
324
361
225
81
576
625
64
25
16
1
144
169
9
36
4
676
529
main:i=8
main:i=9
49
361
100
400
196
225
256
324
441
484
289
121
144
25
16
169
625
1
64
81
576
4
529
676
9
36
49
121
441
256
400
289
484
324
225
196
361
100
36
81
576
64
1
169
625
16
25
144
9
676
529
4
49
100
324
289
400
225
256
441
361
484
121
196
16
25
625
144
64
1
576
81
169
676
4
529
9
36
49
196
121
484
256
361
400
441
324
289
225
100
9
81
576
169
1
64
16
25
144
529
625
4
36
676
49
225
100
324
361
484
121
289
441
196
400
256
625
144
676
25
36
16
1
169
576
4
529
81
9
64